[(60,-135);(30,-90)],999.9,4468
[(60,-135);(30,-90)],14.1,455
[(60,-135);(30,-90)],14.4,409
[(60,-135);(30,-90)],14.9,372
[(60,-135);(30,-90)],14.5,360
[(60,-135);(30,-90)],13.6,358
[(60,-135);(30,-90)],16.0,346
[(60,-135);(30,-90)],15.6,344
[(60,-135);(30,-90)],15.7,335
[(60,-135);(30,-90)],13.7,329
Done with PySpark in 14.959321022033691 s.
Done with PySpark in 7.979594469070435 s.

The full output was:

+-------+---------------+
|    TMP|num_occurrences|
+-------+---------------+
|+9999,9|           4468|
|+0141,1|            455|
|+0144,1|            409|
|+0149,1|            372|
|+0145,1|            360|
|+0136,1|            358|
|+0160,1|            346|
|+0156,1|            344|
|+0157,1|            335|
|+0137,1|            329|
|+0152,1|            318|
|+0134,1|            315|
|+0142,1|            314|
|+0133,1|            313|
|+0129,1|            300|
|+0162,1|            296|
|+0159,1|            289|
|+0140,1|            284|
|+0163,1|            282|
|+0147,1|            280|
+-------+---------------+
only showing top 20 rows

Done with PySpark in 7.786993026733398 s.


Note: Not sure whether the TMP should be ordered in descending or ascending order