72410499999,9,29108
Done with PySpark in 7.12822151184082 s.

The full output was:

+-----------+---------+---------------+
|    station|WDN_knots|num_occurrences|
+-----------+---------+---------------+
|72410499999|        9|          29108|
|99640099999|        1|          15819|
|02869099999|        1|          11755|
|03604099999|        1|           8367|
|72410499999|        1|           7801|
|02602099999|        1|           6218|
|95658099999|        1|           5392|
|02869099999|        9|           5093|
|57328099999|        1|           4620|
|01092099999|        1|           2792|
|68377099999|        1|           2104|
|02602099999|        9|           1789|
|06021099999|        1|           1380|
|99640099999|        9|           1241|
|57328099999|        9|           1151|
|99999994988|        9|            691|
|99999994989|        9|            691|
|99999994992|        9|            691|
|99999994993|        9|            691|
|99999994994|        9|            691|
+-----------+---------+---------------+
only showing top 20 rows

Done with PySpark in 7.674173831939697 s.
